0 1138.013427734375 1021.091796875 1212.32568359375 1090.2314453125 0.9276
0 1310.162841796875 2374.962158203125 1387.212646484375 2444.550048828125 0.9221
0 3262.31005859375 1413.4034423828125 3352.08154296875 1485.3548583984375 0.9171
0 3771.146240234375 935.0143432617188 3830.020751953125 977.4968872070312 0.9106
0 1854.3150634765625 2081.206298828125 1899.9534912109375 2141.857177734375 0.9072
0 1231.511962890625 1043.357421875 1281.751708984375 1110.2998046875 0.9061
0 496.2181396484375 2282.663818359375 586.123046875 2332.478271484375 0.9043
0 2507.012939453125 866.0917358398438 2582.730712890625 928.6148071289062 0.8985
0 2605.0205078125 897.1289672851562 2685.12060546875 951.8253784179688 0.8953
0 1339.2603759765625 2450.311279296875 1409.6434326171875 2528.558837890625 0.8610
0 2104.41015625 2437.323974609375 2148.33544921875 2471.354736328125 0.6743
0 1680.0 2467.151123046875 1724.99755859375 2524.512451171875 0.5461
