0 3726.85400390625 1285.31298828125 3801.79296875 1409.619140625 0.9312
0 3163.7890625 228.06369018554688 3259.31640625 296.6771545410156 0.9265
0 3101.456787109375 61.81915283203125 3191.963134765625 129.90762329101562 0.9247
0 2946.64404296875 1931.7899169921875 3038.96484375 2028.3983154296875 0.9238
0 1256.2171630859375 1352.2896728515625 1367.3604736328125 1437.4031982421875 0.9222
0 1958.494140625 2610.9501953125 2048.3544921875 2721.01513671875 0.9158
0 2754.795166015625 725.932373046875 2827.931884765625 772.13671875 0.9153
0 1323.0377197265625 297.2889099121094 1395.5364990234375 428.1968078613281 0.9109
0 3334.61962890625 1834.5950927734375 3412.908203125 1900.0736083984375 0.9105
0 1683.6400146484375 954.8113403320312 1749.6236572265625 1039.8861083984375 0.9087
0 2152.815185546875 2267.50439453125 2216.902099609375 2330.68408203125 0.9069
0 2140.096435546875 1841.1939697265625 2193.436279296875 1891.1846923828125 0.9058
0 3256.66162109375 1454.509521484375 3330.53662109375 1514.913330078125 0.9045
0 2845.4443359375 778.9378051757812 2905.2109375 838.2780151367188 0.9024
0 1977.3304443359375 1196.8541259765625 2047.1553955078125 1264.5614013671875 0.8996
0 1224.6871337890625 1013.3966064453125 1277.8990478515625 1101.0950927734375 0.8975
0 2850.06689453125 591.0858154296875 2910.693359375 635.865478515625 0.8910
0 3118.7265625 2411.96826171875 3168.2294921875 2456.39697265625 0.8876
0 1941.5723876953125 407.6222229003906 1998.5926513671875 485.8918151855469 0.8817
0 2053.46826171875 789.6256103515625 2137.57958984375 858.6644287109375 0.8719
0 2456.921875 2910.542236328125 2514.3515625 2975.971435546875 0.8689
0 3755.90869140625 1841.5020751953125 3822.25634765625 1896.5269775390625 0.8336
0 252.94778442382812 2796.244873046875 328.5237731933594 2855.111572265625 0.5981
